<?xml version="1.0"?>
<opencv_storage>
<svmLabel_pipe_only_LBP_10scale type_id="opencv-matrix">
  <rows>352</rows>
  <cols>1</cols>
  <dt>f</dt>
  <data>
    1. 1. 1. 1. 0. 0. 0. 0. 1. 1. 1. 0. 0. 0. 1. 1. 1. 0. 0. 0. 1. 1. 1.
    0. 0. 0. 1. 1. 1. 1. 0. 0. 0. 0. 1. 1. 1. 1. 0. 0. 0. 0. 1. 1. 1. 1.
    0. 0. 0. 0. 1. 1. 1. 1. 0. 0. 0. 0. 1. 1. 1. 1. 0. 0. 0. 0. 1. 1. 1.
    1. 0. 0. 0. 0. 1. 1. 1. 1. 0. 0. 0. 0. 1. 1. 1. 1. 0. 0. 0. 0. 1. 1.
    1. 1. 0. 0. 0. 0. 1. 1. 1. 1. 0. 0. 0. 0. 1. 1. 1. 1. 0. 0. 0. 0. 1.
    1. 1. 1. 0. 0. 0. 0. 1. 1. 1. 1. 0. 0. 0. 0. 1. 1. 1. 1. 0. 0. 0. 0.
    1. 1. 1. 1. 0. 0. 0. 0. 1. 1. 1. 1. 0. 0. 0. 0. 1. 1. 1. 1. 0. 0. 0.
    0. 1. 1. 1. 0. 0. 0. 1. 1. 1. 1. 0. 0. 0. 0. 1. 1. 1. 0. 0. 0. 1. 1.
    1. 0. 0. 0. 1. 1. 1. 0. 0. 0. 1. 1. 1. 0. 0. 0. 1. 1. 0. 0. 1. 1. 0.
    0. 1. 1. 0. 0. 1. 1. 0. 0. 1. 1. 0. 0. 1. 1. 0. 0. 1. 0. 1. 1. 0. 0.
    1. 1. 0. 0. 1. 1. 0. 0. 1. 1. 1. 0. 0. 0. 1. 1. 1. 0. 0. 0. 1. 1. 1.
    0. 0. 0. 1. 1. 0. 0. 1. 0. 1. 1. 0. 0. 1. 1. 0. 0. 1. 1. 0. 0. 1. 1.
    0. 0. 1. 1. 0. 0. 1. 1. 0. 0. 1. 1. 0. 0. 1. 1. 0. 0. 1. 1. 0. 0. 1.
    1. 0. 0. 1. 0. 1. 0. 1. 0. 1. 0. 1. 0. 1. 1. 0. 0. 1. 0. 1. 0. 1. 0.
    1. 0. 1. 0. 1. 0. 1. 0. 1. 0. 1. 0. 1. 0. 1. 0. 1. 0. 1. 0. 1. 0. 1.
    0. 1. 0. 1. 0. 1. 0.</data></svmLabel_pipe_only_LBP_10scale>
</opencv_storage>
